Sat1.Earth.RadPer         Sat1.Earth.RadApo         Sat1.Earth.Energy         Sat1.Earth.OrbitPeriod    Sat1.Earth.HMAG           Sat1.EarthMJ2000Eq.HX     Sat1.EarthMJ2000Eq.HY     Sat1.EarthMJ2000Eq.HZ     Sat1.EarthMJ2000Eq.X      Sat1.EarthMJ2000Eq.Y      Sat1.EarthMJ2000Eq.Z      Sat1.EarthMJ2000Eq.VX     Sat1.EarthMJ2000Eq.VY     Sat1.EarthMJ2000Eq.VZ     
28000                     52000.00000000002         -4.982505518749999        79616.11243389039         120453.543204839          0                         -92272.76742605859        77426.04511491273         28000                     0                         0                         0                         2.765215896961168         3.295455979502092         
28000.00000000001         52000.00000000004         -4.982505518749997        79616.11243389045         120453.543204839          1.13686837721616e-13      -92272.76742605861        77426.04511491273         27999.08485539681         165.9111462691032         197.7252046176271         -0.03050450438871174      2.765125520261437         3.295348272745502         
28000                     52000.00000000002         -4.982505518749999        79616.11243389039         120453.543204839          4.547473508864641e-13     -92272.76742605862        77426.04511491272         27985.21060975331         666.911449848052          794.7941162986291         -0.1226004402079763       2.763755562040539         3.293715620114042         
28000                     52000.00000000013         -4.982505518749992        79616.11243389057         120453.543204839          9.094947017729282e-13     -92272.76742605865        77426.04511491275         27854.18004477465         2092.403802070717         2493.629748275561         -0.3841140340489243       2.750837516181495         3.278320492552231         
27999.9999999999          52000.000000003           -4.98250551874982         79616.11243389471         120453.54320484           1.818989403545857e-12     -92272.76742605947        77426.0451149134          27445.26139306208         4070.674605176112         4851.241085000649         -0.7440213734305879       2.710754878187762         3.230551864722546         
27999.99999999994         52000.00000000632         -4.98250551874961         79616.11243389972         120453.5432048414         -3.637978807091713e-12    -92272.76742606048        77426.04511491429         26745.04285600549         6095.569008941709         7264.41626531221          -1.105875713167399        2.642923541777678         3.149713625865361         
28000.00000000022         52000.00000000846         -4.982505518749459        79616.11243390334         120453.5432048426         -7.275957614183426e-12    -92272.76742606144        77426.04511491511         25761.44559140421         8090.105459278573         9641.412245561271         -1.452624828869426        2.549319556760758         3.038160740440311         
28000.00000000076         52000.00000000915         -4.982505518749383        79616.11243390518         120453.5432048437         1.091393642127514e-11     -92272.76742606229        77426.04511491579         24497.98179308974         10036.27104285536         11960.76207157211         -1.778557426673105        2.431872193339046         2.89819242314177          
28000.00000000155         52000.00000000867         -4.982505518749363        79616.11243390564         120453.5432048447         7.275957614183426e-12     -92272.76742606299        77426.04511491639         22957.25505881149         11921.43489141653         14207.41286072361         -2.079545705828261        2.292733876254842         2.732373833889156         
28000.00000000257         52000.00000000709         -4.982505518749399        79616.11243390481         120453.5432048454         7.275957614183426e-12     -92272.76742606355        77426.04511491688         21142.88354706913         13732.3541244899          16365.58236263675         -2.352058463088189        2.134370426712301         2.543643623961221         
28000.00000000371         52000.00000000461         -4.982505518749482        79616.1124339028          120453.543204846          7.275957614183426e-12     -92272.76742606401        77426.04511491727         19060.58127850451         15454.58013550771         18418.05139852642         -2.593144468215253        1.959546017101668         2.335296005734587         
28000.00000000491         52000.00000000159         -4.982505518749595        79616.1124339001          120453.5432048465         0                         -92272.76742606435        77426.04511491755         16718.66326706935         17072.84217471217         20346.62099750717         -2.800545805306357        1.771240206518065         2.110881879465214         
28000.00000000607         51999.99999999846         -4.982505518749719        79616.11243389713         120453.5432048468         7.275957614183426e-12     -92272.76742606462        77426.04511491777         14128.14895218045         18571.56849528783         22132.73347436872         -2.972776373499888        1.57252907995866          1.874067180499602         
28000.00000000714         51999.99999999547         -4.982505518749838        79616.11243389428         120453.5432048471         3.637978807091713e-12     -92272.76742606485        77426.04511491794         11302.33360035345         19935.44539762723         23758.13867258796         -3.109140361160659        1.366438804368476         1.628458354166269         
28000.00000000807         51999.99999999288         -4.982505518749941        79616.11243389179         120453.5432048473         1.818989403545857e-11     -92272.76742606502        77426.0451149181          8256.200497352209         21149.71067614153         25205.24368061978         -3.209660422003529        1.155816870477103         1.377448907772085         
28000.00000000884         51999.99999999077         -4.982505518750025        79616.11243388979         120453.5432048476         3.637978807091713e-12     -92272.76742606523        77426.04511491826         5006.213847462437         22200.07980915944         26457.02486844395         -3.274937423180614        0.943262332411001         1.124136273409605         
28000.00000000946         51999.9999999892          -4.982505518750084        79616.11243388837         120453.5432048478         3.637978807091713e-12     -92272.7674260654         77426.04511491838         1570.346301842289         23072.57977107716         27496.8298325977          -3.306001005338791        0.7310955517461114        0.8712857503230748        
28000.00000000992         51999.99999998811         -4.982505518750123        79616.11243388745         120453.543204848          9.094947017729282e-12     -92272.76742606556        77426.04511491853         -2031.519822069829        23753.35277396217         28308.14350452707         -3.304174057292164        0.5213667536046935        0.6213407016675743        
28000.00000001028         51999.99999998755         -4.982505518750135        79616.11243388715         120453.5432048482         9.094947017729282e-12     -92272.76742606575        77426.04511491867         -5776.711763241411        24228.54283464072         28874.4529665058          -3.270972304649256        0.3158972706256936        0.3764717071588763        
28000.00000001053         51999.99999998738         -4.982505518750131        79616.11243388725         120453.5432048485         9.094947017729282e-12     -92272.76742606597        77426.04511491886         -9639.3755236864          24484.46250023627         29179.4461473948          -3.208035821007893        0.116292558704555         0.1385920746281269        
28000.00000001073         51999.99999998758         -4.982505518750106        79616.11243388786         120453.5432048489         8.640199666842818e-12     -92272.76742606625        77426.04511491909         -13589.57721773222        24507.83734993722         29207.30320850226         -3.117085627065135        -0.07601543038673624      -0.09059166225598768      
28000.00000001088         51999.99999998803         -4.982505518750068        79616.11243388875         120453.5432048493         1.182343112304807e-11     -92272.76742606655        77426.04511491933         -17592.80098566803        24286.27954173073         28943.26089460488         -2.999897958964909        -0.2597474211498663       -0.3095549223224342       
28000.000000011           51999.99999998867         -4.982505518750021        79616.11243388988         120453.5432048497         1.2732925824821e-11       -92272.76742606689        77426.04511491959         -21609.53883526592        23808.90559872711         28374.34878301946         -2.858290548846589        -0.4337563765312956       -0.5169307200418184       
28000.0000000111          51999.99999998941         -4.982505518749968        79616.11243389113         120453.5432048502         1.091393642127514e-11     -92272.76742606724        77426.04511491991         -25595.23588980497        23067.06993324139         27490.26346356234         -2.694111881416923        -0.5970164918224409       -0.7114965489673858       
28000.00000001127         51999.99999999029         -4.982505518749903        79616.1124338927          120453.5432048508         1.455191522836685e-11     -92272.76742606769        77426.04511492027         -29500.38603337206        22055.20538997348         26284.37025890411         -2.509239471631188        -0.7486089561839385       -0.8921574129804105       
28000.00000001145         51999.99999999116         -4.982505518749838        79616.11243389429         120453.5432048514         1.455191522836685e-11     -92272.76742606817        77426.04511492066         -33271.32155742413        20771.62069051902         24754.6535819303          -2.305564423781154        -0.8877235421985489       -1.057947720645579        
28000.0000000117          51999.99999999205         -4.982505518749766        79616.11243389599         120453.5432048521         7.275957614183426e-12     -92272.76742606872        77426.04511492114         -36851.20297862237        19219.24329275668         22904.60224108497         -2.084979086291634        -1.013652792199001        -1.208024356746312        
28000.00000001203         51999.99999999288         -4.982505518749694        79616.11243389772         120453.5432048529         2.546585164964199e-11     -92272.76742606933        77426.04511492164         -40181.37527867922        17406.22298350095         20743.9287740832          -1.849361911783763        -1.125786237715524        -1.341659793290596        
28000.00000001246         51999.9999999937          -4.982505518749617        79616.11243389956         120453.5432048538         2.546585164964199e-11     -92272.76742607003        77426.04511492221         -43202.9362529151         15346.38234356769         18289.10629127118         -1.600566828227446        -1.223600504675084        -1.458230297346621        
28000.00000001294         51999.99999999441         -4.982505518749543        79616.11243390136         120453.5432048548         2.91038304567337e-11      -92272.76742607077        77426.04511492285         -45858.5396251517         13059.43469789027         15563.62821846024         -1.340413087480342        -1.306648847097421        -1.557203457787435        
28000.00000001352         51999.99999999508         -4.982505518749465        79616.11243390323         120453.5432048558         2.546585164964199e-11     -92272.7674260716         77426.04511492352         -48094.39908922849        10570.81495592228         12597.80670036901         -1.070664533224671        -1.374551916776992        -1.638127185026239        
28000.00000001417         51999.99999999571         -4.982505518749385        79616.11243390513         120453.543204857          2.364686224609613e-11     -92272.76742607249        77426.04511492426         -49861.91126055942        7911.586597126273         9428.661750245463         -0.7930513954572668       -1.426975992796991        -1.700603765961506        
28000.00000001487         51999.99999999628         -4.982505518749306        79616.11243390701         120453.5432048582         2.000888343900442e-11     -92272.76742607344        77426.04511492506         -51119.53376371235        5117.836482627725         6099.200014481329         -0.5092668779784773       -1.463622513719487        -1.74427738892697         
28000.00000001566         51999.99999999685         -4.982505518749221        79616.11243390908         120453.5432048596         2.683009370230138e-11     -92272.76742607445        77426.04511492592         -51834.33010597027        2229.9998449944           2657.610326756629         -0.2209873836852998       -1.484214093753684        -1.768817478409915        
28000.00000001651         51999.99999999745         -4.982505518749131        79616.11243391124         120453.543204861          2.660272002685815e-11     -92272.76742607553        77426.04511492683         -51983.33145551042        -708.0057370351353        -843.7683806889171        0.07010127195607149       -1.488485074844242        -1.773907435468489        
28000.00000001739         51999.99999999812         -4.982505518749034        79616.11243391354         120453.5432048625         2.455635694786906e-11     -92272.76742607668        77426.04511492781         -51554.63517571527        -3649.882583866337        -4349.760681869733        0.3622793389987634        -1.476177026675386        -1.759239274845432        
28000.0000000183          51999.9999999989          -4.982505518748929        79616.11243391606         120453.5432048641         2.182787284255028e-11     -92272.7674260779         77426.04511492884         -50548.18578256609        -6548.047102291504        -7803.658658631999        0.6537505327503236        -1.447040179601443        -1.724515332668193        
28000.00000001922         51999.99999999987         -4.982505518748811        79616.11243391888         120453.5432048658         2.182787284255028e-11     -92272.7674260792         77426.0451149299          -48976.13486017011        -9355.078849127265        -11148.94882744952        0.942623155268868         -1.400840049306786        -1.669456161411215        
28000.00000002013         52000.00000000108         -4.982505518748679        79616.11243392203         120453.5432048675         1.818989403545857e-11     -92272.76742608052        77426.04511493103         -46862.8209628861         -12024.95992770479        -14330.78919464359        1.226865687643385         -1.337372208855682        -1.593818134539415        
28000.00000002093         52000.00000000256         -4.982505518748537        79616.11243392545         120453.5432048693         1.455191522836685e-11     -92272.76742608188        77426.04511493217         -44244.32540072106        -14514.42556886143        -17297.61881613188        1.504276114451956         -1.256485230890133        -1.497420787954883        
28000.00000002171         52000.00000000441         -4.982505518748374        79616.11243392938         120453.5432048711         7.275957614183426e-12     -92272.76742608324        77426.04511493332         -41167.50354203142        -16784.31112391758        -20002.76308114775        1.772463757672413         -1.15810913580452         -1.380180723211213        
28000.00000002239         52000.00000000664         -4.982505518748192        79616.11243393373         120453.5432048729         1.455191522836685e-11     -92272.7674260847         77426.0451149345          -37688.64180130451        -18800.68876575606        -22405.7883798354         2.028831882561491         -1.042293021328598        -1.242156452704232        
28000.00000002294         52000.00000000931         -4.982505518747992        79616.11243393851         120453.5432048748         1.091393642127514e-11     -92272.7674260861         77426.0451149357          -33871.77298637032        -20535.8242589212         -24473.64233745269        2.270573567802884         -0.9092510560925403       -1.083603212668366        
28000.00000002337         52000.00000001236         -4.982505518747775        79616.11243394371         120453.5432048766         7.275957614183426e-12     -92272.76742608752        77426.04511493689         -29786.49197896044        -21968.98198750847        -26181.61320925073        2.494697743931398         -0.7594071611456492       -0.9050262125370988       
28000.00000002373         52000.00000001572         -4.982505518747543        79616.11243394928         120453.5432048785         1.818989403545857e-12     -92272.76742608893        77426.04511493808         -25505.65214755433        -23086.84784963664        -27513.83386648041        2.698066874506855         -0.5934443709766114       -0.7072394611161886       
28000.00000002399         52000.0000000192          -4.982505518747311        79616.11243395486         120453.5432048803         -1.818989403545857e-12    -92272.7674260903         77426.04511493922         -21102.65554434884        -23883.68090581445        -28463.46252387814        2.87747109402336          -0.4123388012136069       -0.4914062477123062       
28000.00000002425         52000.00000002263         -4.982505518747081        79616.11243396034         120453.543204882          -4.547473508864641e-12    -92272.76742609164        77426.04511494035         -16648.96324985639        -24360.99148188989        -29032.29911769926        3.029709824630222         -0.2173895052928673       -0.2590747239250527       
28000.00000002456         52000.00000002569         -4.982505518746871        79616.11243396538         120453.5432048837         -3.183231456205249e-12    -92272.76742609293        77426.04511494142         -12211.69756497951        -24526.8684576927         -29229.98359954092        3.15169231953117          -0.01022807631907255      -0.01218934669858236      
28000.00000002501         52000.00000002811         -4.982505518746693        79616.11243396967         120453.5432048853         -2.728484105318785e-12    -92272.76742609417        77426.04511494246         -7851.684444305315        -24394.95630513236        -29072.77681782029        3.240539649814051         0.2071884140096958        0.246917536739952         
28000.00000002568         52000.00000002961         -4.982505518746557        79616.11243397293         120453.5432048868         -1.818989403545857e-12    -92272.76742609534        77426.04511494345         -3622.251331001616        -23983.21567288273        -28582.08344011979        3.293678360035519         0.4325910070027662        0.5155418867194942        
28000.00000002662         52000.00000002998         -4.982505518746475        79616.11243397489         120453.5432048883         -7.275957614183426e-12    -92272.76742609649        77426.04511494443         431.5094806121635         -23312.60832542244        -27782.88472456392        3.308929080708878         0.6634326536048935        0.7906482483779429        
28000.00000002786         52000.00000002914         -4.98250551874645         79616.11243397546         120453.5432048897         -1.091393642127514e-11    -92272.76742609755        77426.0451149453          4272.58080469489          -22405.87254524239        -26702.27910100063        3.28458113300947          0.8969143146494407        1.068900856732646         
28000.00000002942         52000.0000000271          -4.98250551874648         79616.11243397475         120453.543204891          -3.637978807091713e-12    -92272.76742609857        77426.04511494614         7871.480955262655         -21286.49243404265        -25368.25383199982        3.219464788660691         1.130020170284059         1.34670559763995          
28000.00000003123         52000.00000002416         -4.98250551874655         79616.11243397305         120453.5432048924         -3.637978807091713e-12    -92272.76742609959        77426.04511494702         11205.29895545573         -19977.95711871218        -23808.80216891834        3.113025177883197         1.359549768576928         1.620248321012183         
28000.00000003323         52000.00000002056         -4.98250551874665         79616.11243397069         120453.5432048937         0                         -92272.76742610062        77426.04511494788         14256.71378581074         -18503.26779665153        -22051.33587139224        2.965399615509851         1.582164182010258         1.885549847984606         
28000.00000003529         52000.00000001691         -4.982505518746749        79616.1124339683          120453.5432048952         1.455191522836685e-11     -92272.76742610171        77426.04511494878         17013.02350153637         -16884.67936576995        -20122.3772939577         2.777495692622748         1.794444174044056         2.138535291126756         
28000.00000003728         52000.00000001384         -4.982505518746816        79616.1124339667          120453.5432048967         7.275957614183426e-12     -92272.76742610286        77426.04511494975         19465.29567521884         -15143.63140490585        -18047.47713171907        2.551065060071569         1.992965162336574         2.375123392129718         
28000.00000003904         52000.00000001166         -4.982505518746843        79616.11243396608         120453.5432048983         7.275957614183426e-12     -92272.76742610411        77426.04511495079         21607.89356305312         -13300.63534152635        -15851.07995204956        2.288736897062224         2.174408630685188         2.591359297386933         
28000.00000004048         52000.00000001099         -4.982505518746795        79616.11243396721         120453.5432049            0                         -92272.76742610542        77426.04511495189         23438.02592253193         -11375.21875032023        -13556.45781223917        1.994009977083149         2.33568072738936          2.783555898019331         
28000.0000000415          52000.00000001203         -4.982505518746667        79616.11243397027         120453.5432049018         3.637978807091713e-12     -92272.76742610683        77426.04511495307         24955.46189311331         -9385.742274651953        -11185.49207497984        1.67117041484473          2.474042378724123         2.948448893074802         
28000.00000004208         52000.00000001461         -4.98250551874647         79616.11243397502         120453.5432049037         0                         -92272.76742610827        77426.04511495429         26162.1966351581          -7349.132747838732        -8758.355354688578        1.325135473591742         2.587223448955221         3.083332840136371         
28000.00000004231         52000.00000001863         -4.982505518746205        79616.11243398135         120453.5432049056         3.637978807091713e-12     -92272.76742610974        77426.04511495555         27061.91724648027         -5280.711477928525        -6293.306875274806        0.9612621743587282        2.673494869508215         3.186147115518607         
28000.00000004224         52000.00000002366         -4.982505518745896        79616.11243398876         120453.5432049076         0                         -92272.76742611124        77426.04511495678         27659.36750924941         -3194.108429546356        -3806.590196047324        0.5851405454749185        2.731698139551434         3.255511071693344         
28000.00000004199         52000.00000002912         -4.982505518745571        79616.11243399653         120453.5432049094         -1.818989403545857e-12    -92272.76742611265        77426.04511495798         27959.64959339171         -1101.406390483084        -1312.605022764438        0.2024195912907729        2.761232705212385         3.290708996425493         
28000.00000004199         52000.00000002913         -4.982505518745571        79616.11243399653         120453.5432049095         -1.618384930463044e-12    -92272.76742611267        77426.04511495799         28000.00000004199         -7.643327840867187e-06    -9.108962828463518e-06    1.406094130018687e-09     2.765215896958639         3.295455979499082         
28000.00000004198         52000.00000002908         -4.982505518745574        79616.11243399644         120453.5432049094         -1.591615728102624e-12    -92272.76742611265        77426.04511495796         27999.08485552315         165.9111386258733         197.7251955087814         -0.03050450298261336      2.765125520267235         3.295348272752415         
28000.00000004199         52000.00000002916         -4.982505518745569        79616.11243399659         120453.5432049094         -2.728484105318785e-12    -92272.76742611265        77426.04511495798         27985.36449472795         663.433378572934          790.6491123612105         -0.1219612564226757       2.763770754571563         3.293733725867474         
28000.00000004197         52000.0000000295          -4.982505518745549        79616.11243399707         120453.5432049096         -9.094947017729282e-13    -92272.76742611274        77426.04511495806         27829.25585450986         2263.821312090689         2697.917181675421         -0.4154713094509179       2.748384387635935         3.275396967794967         
28000.00000004187         52000.00000003271         -4.982505518745356        79616.1124340017          120453.5432049108         -1.818989403545857e-12    -92272.76742611366        77426.04511495882         27390.4384550824          4265.609291245301         5083.555197444836         -0.779195757271531        2.705407603261366         3.224179230618428         
28000.00000004192         52000.00000003592         -4.982505518745152        79616.1124340066          120453.5432049121         0                         -92272.76742611472        77426.04511495971         26662.2628019299          6290.089316540561         7496.23654072568          -1.140168316788271        2.634970823308611         3.140235945058964         
28000.00000004223         52000.00000003797         -4.982505518745006        79616.11243401011         120453.5432049134         -3.637978807091713e-12    -92272.76742611569        77426.04511496052         25651.42172471878         8280.668871896824         9868.516877166096         -1.48513187513697         2.538968815248624         3.025825207057216         
28000.00000004281         52000.00000003875         -4.982505518744921        79616.11243401215         120453.5432049145         -1.091393642127514e-11    -92272.76742611651        77426.04511496122         24361.01480717084         10221.48940501895         12181.496720095           -1.808822068052081        2.419324070746586         2.883238152961895         
28000.00000004362         52000.00000003805         -4.982505518744913        79616.11243401232         120453.5432049154         -1.455191522836685e-11    -92272.76742611718        77426.04511496177         22793.62814462373         12100.07563750657         14420.30861166015         -2.10720249036397         2.278212808796033         2.715068299576821         
28000.00000004465         52000.00000003632         -4.982505518744958        79616.11243401124         120453.5432049161         -7.275957614183426e-12    -92272.76742611776        77426.04511496224         20953.05582987349         13903.05857179779         16569.02000098776         -2.376793246789789        2.118132541245577         2.524292065620123         
28000.0000000458          52000.0000000338          -4.982505518745043        79616.11243400921         120453.5432049167         -2.182787284255028e-11    -92272.7674261182         77426.04511496263         18845.21653183988         15615.91718882697         18610.32541143824         -2.61470940204537         1.941869946569516         2.314230485174948         
28000.000000047           52000.0000000308          -4.982505518745155        79616.11243400651         120453.5432049171         -3.637978807091713e-11    -92272.76742611855        77426.04511496291         16478.76227966309         17223.27408150529         20525.8987628687          -2.818757983192383        1.752425534813883         2.088459426868276         
28000.00000004815         52000.00000002766         -4.982505518745279        79616.11243400356         120453.5432049175         -3.637978807091713e-11    -92272.76742611882        77426.04511496314         13864.89967947183         18709.60668507949         22297.24098296816         -2.987536246635298        1.552872179441422         1.850640998688916         
28000.0000000492          52000.0000000247          -4.982505518745398        79616.11243400069         120453.5432049177         -4.001776687800884e-11    -92272.76742611903        77426.0451149633          11017.09670644618         20059.65024745138         23906.16024858355         -3.120422230473759        1.346222779238162         1.604365833589242         
28000.00000005011         52000.00000002212         -4.982505518745501        79616.11243399822         120453.543204918          -4.001776687800884e-11    -92272.7674261192         77426.04511496345         7950.482173359668         21258.69002371186         25335.12020960534         -3.217500108123999        1.135303176370965         1.353001639123716         
28000.00000005088         52000.00000002006         -4.982505518745582        79616.11243399627         120453.5432049182         -4.001776687800884e-11    -92272.76742611936        77426.04511496358         4681.677481719341         22292.47008968443         26567.13131718043         -3.279417645209242        0.9226875119912799        1.099616157257421         
28000.00000005147         52000.00000001853         -4.98250551874564         79616.11243399489         120453.5432049184         -3.637978807091713e-11    -92272.76742611954        77426.04511496372         1228.83769044165          23147.03125006089         27585.55765015055         -3.307238222479539        0.7106704446216461        0.846944055528371         
28000.00000005192         52000.00000001751         -4.982505518745676        79616.11243399401         120453.5432049186         -3.092281986027956e-11    -92272.76742611971        77426.04511496388         -2387.883051661608        23808.51430467599         28373.88245692829         -3.302307863497877        0.5012803666144367        0.597402677809697         
28000.00000005227         52000.00000001698         -4.982505518745687        79616.11243399377         120453.5432049189         -3.092281986027956e-11    -92272.7674261199         77426.04511496404         -6145.664340788275        24263.09391193179         28915.62933699545         -3.266156448026359        0.2963089771231314        0.3531272880044066        
28000.00000005252         52000.00000001687         -4.982505518745679        79616.11243399396         120453.5432049192         -3.274180926382542e-11    -92272.76742612015        77426.04511496423         -10018.13716580971        24497.0879950332          29194.49262617735         -3.200434677638933        0.09735191177466737       0.1160194906033732        
28000.00000005271         52000.00000001707         -4.982505518745654        79616.11243399454         120453.5432049196         -3.228706191293895e-11    -92272.76742612041        77426.04511496447         -13975.08830301399        24497.29371196418         29194.73779006889         -3.106867453347097        -0.09418191553713545      -0.1122416361987871       
28000.00000005288         52000.00000001756         -4.982505518745612        79616.11243399554         120453.54320492           -3.001332515850663e-11    -92272.76742612073        77426.04511496474         -17981.48418757916        24251.43080415446         28901.729786401           -2.987235766541095        -0.2770240529109911       -0.3301444102916838       
28000.00000005302         52000.00000001825         -4.982505518745562        79616.11243399675         120453.5432049205         -3.274180926382542e-11    -92272.76742612111        77426.04511496506         -21997.27362351731        23748.80244894608         28302.72063834169         -2.843362421090526        -0.4500372571237846       -0.5363335179785164       
28000.00000005316         52000.00000001905         -4.982505518745503        79616.11243399818         120453.543204921          -3.637978807091713e-11    -92272.7674261215         77426.04511496538         -25977.34677825248        22981.04360171071         27387.74127390294         -2.677102234396358        -0.6122042437905726       -0.7295966069388387       
28000.00000005332         52000.00000001994         -4.982505518745438        79616.11243399973         120453.5432049216         -2.91038304567337e-11     -92272.76742612195        77426.04511496579         -29871.88348340931        21942.91022133191         26150.54208824454         -2.490329971157721        -0.7626220873890411       -0.9088576124375873       
28000.00000005353         52000.00000002082         -4.98250551874537         79616.11243400136         120453.5432049222         -3.637978807091713e-11    -92272.76742612246        77426.0451149662          -33626.854897684          20633.12206630097         24589.59734894907         -2.284937138800897        -0.9004903464328548       -1.073162605457762        
28000.00000005381         52000.00000002173         -4.982505518745295        79616.11243400314         120453.543204923          -3.274180926382542e-11    -92272.76742612303        77426.04511496668         -37185.13477659001        19055.1042558538          22708.988954171           -2.062817974078589        -1.025109463420524        -1.221677885833734        
28000.00000005415         52000.00000002256         -4.982505518745223        79616.1124340049          120453.5432049238         -2.546585164964199e-11    -92272.76742612364        77426.04511496719         -40488.01816536341        17217.5177881764          20519.03867961395         -1.825846068742507        -1.135879453523465        -1.35368841949054         
28000.00000005455         52000.00000002333         -4.98250551874515         79616.11243400665         120453.5432049247         -2.182787284255028e-11    -92272.76742612432        77426.04511496777         -43476.63698932051        15134.76705402132         18036.9130097064          -1.575874776136362        -1.232283616715711        -1.468578427315937        
28000.00000005508         52000.00000002408         -4.98250551874507         79616.11243400855         120453.5432049257         -1.455191522836685e-11    -92272.76742612509        77426.04511496841         -46093.95716250104        12827.08238774365         15286.72151809541         -1.314713370152514        -1.313883904266377        -1.565825863161164        
28000.00000005564         52000.00000002472         -4.982505518744994        79616.11243401036         120453.5432049268         -2.182787284255028e-11    -92272.76742612591        77426.04511496911         -48286.52575662625        10320.53757258357         12299.53772962999         -1.04413118157248         -1.38030328296498         -1.644981396343099        
28000.00000005632         52000.00000002536         -4.982505518744913        79616.11243401232         120453.5432049279         -2.182787284255028e-11    -92272.76742612683        77426.04511496986         -50006.41646927644        7646.638783284631         9112.909241249672         -0.7658467808873802       -1.431214161529746        -1.705654618774786        
28000.00000005705         52000.00000002594         -4.982505518744832        79616.11243401427         120453.5432049292         -2.364686224609613e-11    -92272.76742612776        77426.04511497068         -51212.8333223614         4841.939039778006         5770.398245777587         -0.4815522833325963       -1.466319932777853        -1.747492047780508        
28000.00000005783         52000.00000002653         -4.982505518744747        79616.11243401631         120453.5432049305         -2.137312549166381e-11    -92272.76742612879        77426.04511497157         -51873.73893044915        1947.264435900082         2320.659387214847         -0.1929251096249269       -1.485344424729318        -1.770164554410946        
28000.00000005785         52000.00000002651         -4.982505518744747        79616.11243401631         120453.5432049306         -2.207327276824512e-11    -92272.76742612882        77426.04511497158         -52000.00000002651        3.343871703975765e-05     3.985069633927196e-05     -3.310079904617069e-09    -1.488962406056387        -1.774476296655419        
